image_width: 640
image_height: 480
camera_name: usb_cam
camera_matrix:
  rows: 3
  cols: 3
  data: [799.09908379, 0.000000, 960.70018781, 0.000000, 800.00495109, 427.5457031, 0.000000, 0.000000, 1.000000]
distortion_model: plumb_bob
distortion_coefficients:
  rows: 1
  cols: 5
  data: [-0.30486855, 0.09722399, -0.00118827, 0.0003833, -0.01337551]
rectification_matrix:
  rows: 3
  cols: 3
  data: [1.000000, 0.000000, 0.000000, 0.000000, 1.000000, 0.000000, 0.000000, 0.000000, 1.000000]
projection_matrix:
  rows: 3
  cols: 4
  data: [333.094543, 0.000000, 229.784726, 0.000000, 0.000000, 372.516754, 146.696473, 0.000000, 0.000000, 0.000000, 1.000000, 0.000000]
